 i psi fs1(2) fs(4) fs1(4) -fs1(1)
   0 0.100000E-03 -.536958E-01 0.190008E+01 0.746840E+00 0.108571E-10
   1 0.250574E-03 -.536958E-01 0.190019E+01 0.763244E+00 -.423530E-11
   2 0.702206E-03 -.536958E-01 0.190055E+01 0.781972E+00 0.131254E-11
   3 0.145462E-02 -.536958E-01 0.190113E+01 0.775030E+00 0.575228E-13
   4 0.250737E-02 -.536958E-01 0.190195E+01 0.778158E+00 0.418560E-12
   5 0.385982E-02 -.536958E-01 0.190300E+01 0.778302E+00 -.705048E-12
   6 0.551115E-02 -.536958E-01 0.190429E+01 0.779649E+00 0.215203E-12
   7 0.746037E-02 -.536958E-01 0.190581E+01 0.780889E+00 -.106220E-12
   8 0.970630E-02 -.536958E-01 0.190756E+01 0.782416E+00 0.209256E-12
   9 0.122476E-01 -.536958E-01 0.190955E+01 0.784111E+00 0.276621E-12
  10 0.150827E-01 -.536958E-01 0.191178E+01 0.786069E+00 -.234180E-12
  11 0.182100E-01 -.536958E-01 0.191424E+01 0.788160E+00 -.172185E-12
  12 0.216275E-01 -.536958E-01 0.191694E+01 0.790517E+00 0.454994E-13
  13 0.253331E-01 -.536958E-01 0.191987E+01 0.793038E+00 -.296643E-14
  14 0.293248E-01 -.536958E-01 0.192304E+01 0.795816E+00 -.366868E-13
  15 0.335999E-01 -.536958E-01 0.192645E+01 0.798762E+00 0.155137E-12
  16 0.381560E-01 -.536958E-01 0.193010E+01 0.801951E+00 -.170157E-13
  17 0.429904E-01 -.536958E-01 0.193398E+01 0.805328E+00 -.250987E-13
  18 0.481001E-01 -.536958E-01 0.193811E+01 0.808945E+00 0.601525E-13
  19 0.534820E-01 -.536958E-01 0.194247E+01 0.812776E+00 -.166423E-12
  20 0.591329E-01 -.536958E-01 0.194708E+01 0.816823E+00 0.993327E-13
  21 0.650494E-01 -.536958E-01 0.195192E+01 0.821097E+00 -.232423E-12
  22 0.712279E-01 -.536958E-01 0.195701E+01 0.825593E+00 -.159701E-13
  23 0.776647E-01 -.536958E-01 0.196234E+01 0.830317E+00 0.236684E-12
  24 0.843559E-01 -.536958E-01 0.196791E+01 0.835274E+00 -.882177E-13
  25 0.912976E-01 -.536958E-01 0.197373E+01 0.840464E+00 0.113932E-12
  26 0.984854E-01 -.536958E-01 0.197979E+01 0.845879E+00 -.176197E-14
  27 0.105915E+00 -.536958E-01 0.198609E+01 0.851551E+00 -.860558E-13
  28 0.113582E+00 -.536958E-01 0.199264E+01 0.857447E+00 -.185499E-13
  29 0.121482E+00 -.536958E-01 0.199944E+01 0.863601E+00 0.163994E-12
  30 0.129610E+00 -.536958E-01 0.200649E+01 0.869998E+00 0.928617E-14
  31 0.137961E+00 -.536958E-01 0.201378E+01 0.876641E+00 -.170633E-12
  32 0.146531E+00 -.536958E-01 0.202132E+01 0.883542E+00 0.271237E-13
  33 0.155313E+00 -.536958E-01 0.202911E+01 0.890693E+00 0.650307E-13
  34 0.164302E+00 -.536958E-01 0.203715E+01 0.898113E+00 0.543206E-14
  35 0.173495E+00 -.536958E-01 0.204544E+01 0.905799E+00 -.752773E-13
  36 0.182883E+00 -.536958E-01 0.205399E+01 0.913743E+00 0.270561E-14
  37 0.192463E+00 -.536958E-01 0.206278E+01 0.921957E+00 0.658765E-13
  38 0.202228E+00 -.536958E-01 0.207182E+01 0.930458E+00 0.405172E-14
  39 0.212173E+00 -.536958E-01 0.208112E+01 0.939228E+00 -.735074E-13
  40 0.222290E+00 -.536958E-01 0.209067E+01 0.948278E+00 0.198570E-13
  41 0.232576E+00 -.536958E-01 0.210047E+01 0.957617E+00 -.536171E-14
  42 0.243022E+00 -.536958E-01 0.211052E+01 0.967248E+00 0.144680E-14
  43 0.253623E+00 -.536958E-01 0.212083E+01 0.977178E+00 -.388917E-15
  44 0.264373E+00 -.536958E-01 0.213139E+01 0.987386E+00 0.994974E-16
  45 0.275264E+00 -.536958E-01 0.214220E+01 0.997906E+00 -.656484E-17
  46 0.286291E+00 -.536958E-01 0.215326E+01 0.100874E+01 -.743118E-16
  47 0.297447E+00 -.536958E-01 0.216458E+01 0.101987E+01 0.305624E-15
  48 0.308724E+00 -.536958E-01 0.217614E+01 0.103131E+01 -.115406E-14
  49 0.320117E+00 -.536958E-01 0.218796E+01 0.104307E+01 0.433107E-14
  50 0.331619E+00 -.536958E-01 0.220003E+01 0.105515E+01 -.162417E-13
  51 0.343221E+00 -.536958E-01 0.221234E+01 0.106755E+01 0.608839E-13
  52 0.354919E+00 -.536958E-01 0.222490E+01 0.108028E+01 -.361244E-15
  53 0.366703E+00 -.536958E-01 0.223771E+01 0.109333E+01 -.564964E-13
  54 0.378568E+00 -.536958E-01 0.225076E+01 0.110671E+01 -.523740E-15
  55 0.390506E+00 -.536958E-01 0.226405E+01 0.112044E+01 0.589462E-13
  56 0.402511E+00 -.536958E-01 0.227759E+01 0.113448E+01 -.139417E-13
  57 0.414573E+00 -.536958E-01 0.229136E+01 0.114888E+01 -.116408E-14
  58 0.426688E+00 -.536958E-01 0.230537E+01 0.116363E+01 0.167859E-13
  59 0.438846E+00 -.536958E-01 0.231961E+01 0.117869E+01 -.644962E-13
  60 0.451042E+00 -.536958E-01 0.233407E+01 0.119412E+01 0.217259E-13
  61 0.463267E+00 -.536958E-01 0.234877E+01 0.120990E+01 -.223565E-13
  62 0.475514E+00 -.536958E-01 0.236369E+01 0.122601E+01 0.677417E-13
  63 0.487776E+00 -.536958E-01 0.237882E+01 0.124248E+01 -.314444E-13
  64 0.500045E+00 -.536958E-01 0.239417E+01 0.125928E+01 0.582947E-13
  65 0.512314E+00 -.536958E-01 0.240972E+01 0.127643E+01 0.154372E-13
  66 0.524576E+00 -.536958E-01 0.242548E+01 0.129393E+01 -.120513E-12
  67 0.536823E+00 -.536958E-01 0.244144E+01 0.131179E+01 0.322630E-13
  68 0.549048E+00 -.536958E-01 0.245758E+01 0.132997E+01 -.863988E-14
  69 0.561244E+00 -.536958E-01 0.247392E+01 0.134850E+01 0.233274E-14
  70 0.573402E+00 -.536958E-01 0.249043E+01 0.136735E+01 -.703079E-15
  71 0.585517E+00 -.536958E-01 0.250711E+01 0.138655E+01 0.482947E-15
  72 0.597579E+00 -.536958E-01 0.252395E+01 0.140605E+01 -.122759E-14
  73 0.609584E+00 -.536958E-01 0.254095E+01 0.142588E+01 0.441781E-14
  74 0.621522E+00 -.536958E-01 0.255809E+01 0.144603E+01 -.164018E-13
  75 0.633387E+00 -.536958E-01 0.257537E+01 0.146649E+01 0.610155E-13
  76 0.645171E+00 -.536958E-01 0.259277E+01 0.148725E+01 -.843266E-15
  77 0.656869E+00 -.536958E-01 0.261029E+01 0.150827E+01 -.605693E-13
  78 0.668471E+00 -.536958E-01 0.262791E+01 0.152959E+01 0.161834E-13
  79 0.679973E+00 -.536958E-01 0.264563E+01 0.155118E+01 -.441101E-14
  80 0.691366E+00 -.536958E-01 0.266343E+01 0.157302E+01 0.152997E-14
  81 0.702643E+00 -.536958E-01 0.268129E+01 0.159509E+01 -.172254E-14
  82 0.713799E+00 -.536958E-01 0.269921E+01 0.161738E+01 0.533945E-14
  83 0.724826E+00 -.536958E-01 0.271717E+01 0.163992E+01 -.195319E-13
  84 0.735717E+00 -.536958E-01 0.273515E+01 0.166260E+01 0.723740E-13
  85 0.746467E+00 -.536958E-01 0.275314E+01 0.168546E+01 -.204577E-13
  86 0.757068E+00 -.536958E-01 0.277113E+01 0.170848E+01 0.299773E-14
  87 0.767514E+00 -.536958E-01 0.278910E+01 0.173164E+01 0.156514E-13
  88 0.777800E+00 -.536958E-01 0.280703E+01 0.175493E+01 -.730037E-13
  89 0.787917E+00 -.536958E-01 0.282491E+01 0.177828E+01 0.193914E-13
  90 0.797862E+00 -.536958E-01 0.284271E+01 0.180169E+01 -.514839E-14
  91 0.807627E+00 -.536958E-01 0.286041E+01 0.182513E+01 0.136623E-14
  92 0.817207E+00 -.536958E-01 0.287801E+01 0.184858E+01 -.362376E-15
  93 0.826595E+00 -.536958E-01 0.289547E+01 0.187202E+01 0.960664E-16
  94 0.835788E+00 -.536958E-01 0.291279E+01 0.189540E+01 -.254561E-16
  95 0.844777E+00 -.536958E-01 0.292993E+01 0.191867E+01 0.675143E-17
  96 0.853559E+00 -.536958E-01 0.294688E+01 0.194185E+01 -.182571E-17
  97 0.862129E+00 -.536958E-01 0.296362E+01 0.196486E+01 0.626572E-18
  98 0.870480E+00 -.536958E-01 0.298013E+01 0.198772E+01 -.695154E-18
  99 0.878608E+00 -.536958E-01 0.299637E+01 0.201031E+01 0.213364E-17
 100 0.886508E+00 -.536958E-01 0.301234E+01 0.203264E+01 -.773918E-17
 101 0.894175E+00 -.536958E-01 0.302801E+01 0.205471E+01 0.284299E-16
 102 0.901605E+00 -.536958E-01 0.304336E+01 0.207642E+01 -.104459E-15
 103 0.908792E+00 -.536958E-01 0.305836E+01 0.209776E+01 0.383531E-15
 104 0.915734E+00 -.536958E-01 0.307300E+01 0.211869E+01 -.140697E-14
 105 0.922425E+00 -.536958E-01 0.308724E+01 0.213914E+01 0.515667E-14
 106 0.928862E+00 -.536958E-01 0.310107E+01 0.215912E+01 -.188811E-13
 107 0.935041E+00 -.536958E-01 0.311447E+01 0.217855E+01 0.690592E-13
 108 0.940957E+00 -.536958E-01 0.312742E+01 0.219744E+01 -.252299E-12
 109 0.946608E+00 -.536958E-01 0.313989E+01 0.221568E+01 -.224632E-13
 110 0.951990E+00 -.536958E-01 0.315186E+01 0.223325E+01 0.420029E-12
 111 0.957100E+00 -.536958E-01 0.316331E+01 0.225015E+01 0.366740E-12
 112 0.961934E+00 -.536958E-01 0.317423E+01 0.226631E+01 0.264241E-12
 113 0.966490E+00 -.536958E-01 0.318459E+01 0.228173E+01 -.918114E-12
 114 0.970765E+00 -.536958E-01 0.319438E+01 0.229631E+01 -.977043E-12
 115 0.974757E+00 -.536958E-01 0.320357E+01 0.231006E+01 -.286094E-11
 116 0.978463E+00 -.536958E-01 0.321215E+01 0.232295E+01 0.318933E-11
 117 0.981880E+00 -.536958E-01 0.322011E+01 0.233490E+01 -.103663E-10
 118 0.985007E+00 -.536958E-01 0.322743E+01 0.234597E+01 0.522818E-10
 119 0.987842E+00 -.536958E-01 0.323410E+01 0.235598E+01 -.159411E-09
 120 0.990384E+00 -.536958E-01 0.324010E+01 0.236503E+01 0.596399E-09
 121 0.992630E+00 -.536958E-01 0.324542E+01 0.237320E+01 -.207331E-08
 122 0.994579E+00 -.536958E-01 0.325005E+01 0.238034E+01 0.724291E-08
 123 0.996230E+00 -.536958E-01 0.325399E+01 0.238611E+01 -.250088E-07
 124 0.997583E+00 -.536958E-01 0.325722E+01 0.239106E+01 0.850185E-07
 125 0.998635E+00 -.536958E-01 0.325974E+01 0.239492E+01 -.282981E-06
 126 0.999388E+00 -.536958E-01 0.326154E+01 0.239767E+01 0.909630E-06
 127 0.999839E+00 -.536958E-01 0.326262E+01 0.239938E+01 -.274148E-05
 128 0.999990E+00 -.536958E-01 0.326298E+01 0.239991E+01 0.700765E-05
